8.775967467847799186e-02
-4.420950542809376493e-02
2.223841945992052066e-02
-2.562921954201326930e-02
-4.863920801184562492e-02
8.047086403966308144e-02
-1.560357992089536974e-02
7.682461495893244674e-03
-2.390350703758037376e-03
-5.793990981411551583e-02
4.357081210303583030e-02
-5.764142148814904720e-03
3.075521782650169830e-02
-5.517306718466175042e-02
2.352593266498933383e-02
-1.673232212482984177e-02
6.396419111674764291e-02
-1.629229291557831964e-03
-6.689355058411923516e-02
-3.517075660251361979e-03
8.570310286365484531e-03
-2.733849744588137676e-03
1.633995290252779342e-02
-4.192279213910359015e-02
8.570240256583361305e-02
-1.926044485522700189e-02
2.535401413329133741e-02
-5.371530124393020245e-02
-3.632049204960732802e-02
1.335056693521932680e-02
-3.369879987955320955e-03
1.625075694502528534e-03
3.266130572137981858e-02
-2.913142752400209312e-02
1.362507683094851818e-02
-3.666486380752446983e-02
8.725344155975783833e-02
4.545336389671406768e-03
-7.415514129511274755e-02
4.269056484603352131e-02
1.010701718909838565e-02
2.280082062729912179e-02
-7.894350222734262956e-02
2.630474719051253962e-02
3.248586286877339080e-02
-5.621406591607706199e-03
-2.653535778264098921e-02
-2.655834733217309063e-03
-7.629570891113449105e-04
-1.491038279791023213e-01
-3.366398026968046020e-01
-1.998676998445292341e-02
1.910428464639779556e-02
3.788491046879693958e-02
-1.316981175047482466e-02
-4.916436716983463295e-02
-3.011937221077176652e-03
6.941016080367135022e-02
-6.015776122808791371e-03
8.890957721794490176e-03
-6.387063174792095843e-03
-5.015936362886996847e-02
5.810319891965343153e-02
-1.291240515136959921e-03
-3.756223469863684272e-02
4.871223488865111806e-02
-4.853290836747575776e-02
2.955399373956568709e-02
-7.045649272999532364e-02
2.836594451952612062e-03
1.491845295455096476e-02
1.735668673333257139e-02
1.670725949855167425e-02
-1.806557812187381540e-02
7.744666849523018648e-03
3.595257777111338093e-02
-1.202205546501144973e-02
-6.466305533133043237e-02
6.504770229680223448e-02
-7.984567709041845429e-02
7.944764096938872200e-02
-6.767272929888434874e-04
-6.755706586202525621e-02
-1.448582067048154176e-02
4.442650563728189894e-02
1.545597102720852600e-02
-4.240902131042656453e-02
1.162831210052861497e-02
3.280841325367178651e-02
-5.753954531566685127e-03
-4.220006001449017052e-02
2.146974848900040644e-02
4.268705899462499342e-02
-8.269083656653808401e-02
5.217242413340372753e-02
-3.672637107636622655e-02
-1.859416566593918851e-02
2.931598914525800348e-01
2.839322220726422930e-01
-7.098709761846469513e-03
-4.236591836005827727e-02
3.151873292557141881e-02
6.826979369844179968e-03
2.730815096262467767e-03
-2.725413800518368401e-02
-2.130243524432325064e-01
-2.608422589374768674e-01
-5.071222651552520500e-02
-5.293090716433468401e-03
2.637386135460495495e-02
3.285732972689836551e-02
-6.699599085436513946e-02
-2.977313645570422995e-02
6.172009424056712490e-02
2.827279324656339909e-01
1.477730162105964640e-01
1.384871391377183458e-01
-7.600778474571678878e-02
-8.925594591193533600e-03
-8.825762132471548504e-03
-1.631294743573916128e-03
8.125935157831262745e-03
7.153557970628435236e-02
-2.042917652013557378e-02
-6.012202874221092563e-02
6.948459599077855264e-02
-4.326640134902905860e-02
7.171226951673358163e-02
-6.680996304175376710e-02
3.135495433484827843e-02
-5.887410312518182032e-02
8.773965219033537377e-02
-5.420661657951917484e-02
3.730013695875418478e-02
8.216036266903092855e-03
-5.192447203235756037e-02
-3.225050951008921751e-02
-2.030096223762699326e-02
-5.260010561015306119e-02
1.345347495909333113e-01
6.039400308730423494e-03
-6.734097252758050600e-02
2.968070822281713983e-02
2.213120825777847855e-03
5.916167043461648123e-02
-3.388653143429066206e-01
-2.884107910997485980e-01
5.440941360873807753e-03
5.176635253885042420e-02
-3.426957528412077902e-02
1.795893123764602528e-02
-8.564834104628016309e-02
4.555396805755529410e-02
-3.725307909736996770e-02
1.215998244082894253e-02
6.938985274701636730e-02
-5.551104952475349741e-03
1.259037003092899898e-02
-3.817750481300397070e-02
-8.309112188512490782e-03
3.157455464120120237e-01
2.923286885057946316e-01
-6.443559899339418306e-02
1.768514347305596979e-02
1.600994883127825064e-02
8.192125953281614859e-04
-3.178895591899312534e-02
6.412823843075279862e-02
-7.971476663694668230e-02
2.832098650840413068e-02
4.717108905125722007e-02
-2.273951902765724079e-02
-7.777529670088052793e-03
-3.277927737609369341e-03
-7.948617560269231885e-03
-2.322506489504393146e-02
3.790776676718099480e-02
3.461083557241436542e-02
-7.114061287487660756e-02
3.229777505047756736e-03
-1.531724638260599514e-02
3.463546576564349722e-03
7.989220684296223507e-02
1.992078016722553455e-03
-1.850751964206018979e-02
1.349998001354809490e-02
-5.070268574523550259e-02
-2.232321443781364045e-02
8.901983662233718675e-02
-6.881940160816839291e-02
3.849997871169513058e-02
-5.498894519562182170e-03
-4.575692587613522377e-02
7.739349515751170472e-02
-3.945850496391660467e-02
-4.494423905741339043e-02
8.322528264569672984e-02
-2.730585777793119451e-02
1.528104624546724327e-02
5.125810491200455052e-03
-6.153578110684421870e-02
2.646808545774177041e-02
2.411764843984356282e-02
-2.750752766881227329e-02
2.720784314330522424e-02
-3.363148225155922211e-02
4.721290118998986568e-02
-6.412275728131623664e-02
5.254728433950241889e-02
-4.190186497911944224e-02
2.386324730864905486e-03
2.849303061167293705e-02
-5.865090340227042953e-02
6.222212858137964042e-02
2.140971380278047093e-03
-6.903756899842970751e-02
2.958271069620280191e-03
7.387108033532698015e-02
1.137028041422482108e-02
-2.733538629252373411e-02
-3.695165701413491433e-02
5.944204620946681034e-02
-4.696994313445303909e-02
5.700965496861266218e-02
-7.388353002148306814e-02
4.257993258788396462e-02
3.414592816940629355e-02
-4.707766890670462417e-02
2.005163830879496886e-02
-2.242455221347105718e-02
9.990563821752292128e-03
2.089498836090090267e-02
-6.660557846884389288e-02
4.413872365652375673e-02
-5.087881223585009882e-02
8.874949764953012077e-02
-1.799391532777179503e-02
1.798138083810866400e-02
-2.515757929856576869e-02
2.835127312224738905e-03
1.236737175724129598e-02
-6.010940830902766069e-03
-9.510122334089845392e-03
-1.760196355706306059e-02
2.013923433977284072e-02
-6.252461011356238996e-02
1.106748008564610586e-02
6.482537359712700620e-02
-3.242890834068912209e-02
2.342536120641273284e-02
-4.149814445259696061e-02
-8.517703316388278156e-03
3.099145136326728056e-02
1.465932939135366000e-02
-4.143443695686359340e-02
-1.186900922218875332e-03
5.324640597892570104e-02
-7.806324892545685179e-02
2.365514559301309938e-02
-2.378262157232061136e-02
-2.867297087367687292e-03
6.175731280661733713e-03
8.902474981015917610e-02
-1.900429109050014859e-02
-3.572224641725432748e-02
2.696486198013925417e-02
3.909626028019728278e-03
-2.032354529286673969e-02
7.621620589068067719e-03
-1.217785027677622395e-02
-4.070519830439209980e-02
-4.413531140490839499e-03
2.006611221268161938e-02
-1.004259865037009092e-02
6.587910754928913426e-03
-1.881884494486028847e-02
4.032262304031937472e-02
-3.243078181342760880e-02
2.158191276120732804e-02
-2.346811217852504128e-03
1.837189656075630811e-02
3.600247213045276728e-02
-5.672832132277479816e-02
7.262308954332870325e-02
-9.656868601768330007e-02
1.070469693386949528e-03
1.217179531239066803e-02
